},
{
["lastUpdate"] = 1723512251,
["Spells"] = {
["General"] = {
1690368,
21493248,
32112384,
15296512,
19525888,
21491456,
21489664,
20412928,
23107840,
20130048,
117406464,
5273088,
21491200,
19532032,
},
["Assassination"] = {
31081216,
92209664,
8357120,
13241088,
179968,
98720512,
340224,
47504640,
497408,
13226752,
19661568,
81785088,
},
["Rogue"] = {
2221056,
536064,
469248,
7993344,
47439616,
441600,
1350912,
503296,
452096,
104448,
461824,
235776,
1733120,
9357824,
29188608,
49488640,
80766976,
763648,
456704,
475136,
476160,
},
["Outlaw"] = {
3520000,
80727296,
3552512,
537088,
50036992,
47555328,
80770048,
13226752,
19662336,
20248576,
},
["Subtlety"] = {
13568,
81708800,
50385664,
98465536,
51394048,
109207296,
497408,
71864064,
47440128,
47472128,
50645760,
71148800,
29187584,
54344448,
13226752,
19662848,
50409472,
31096576,
59319296,
98664448,
},
},
["englishClass"] = "ROGUE",
