DataStore_Spells_Characters = {
{
["lastUpdate"] = 1723652328,
["englishClass"] = "DEATHKNIGHT",
["Spells"] = {
["Frost"] = {
50373120,
12580608,
38983424,
12591104,
49897728,
78180352,
80957184,
13125376,
12549120,
53050880,
14676480,
96531456,
13088768,
113672448,
113666048,
113676032,
111362560,
113685248,
113666560,
113682432,
113688832,
53006592,
81101568,
116734208,
113681664,
96524032,
113677312,
113689344,
113665280,
81206784,
20794624,
45777664,
19843584,
81110528,
81202688,
111361280,
71996928,
96537088,
96526336,
113674240,
113673472,
96530688,
113682944,
20821248,
15118592,
71501312,
12177408,
},
["General"] = {
32112384,
15296512,
1690368,
19530752,
19528192,
117406464,
5273088,
20412928,
23107840,
},
["Death Knight"] = {
11654144,
12167168,
12490752,
11925760,
13677568,
13069312,
12691456,
32600064,
12799488,
11075840,
950784,
15871744,
14392832,
13050112,
12170496,
12355840,
12553984,
12468992,
13308416,
12355328,
},
["Unholy"] = {
70578944,
53071616,
99911424,
22002688,
16271360,
38983680,
80957184,
53073152,
19859200,
11925504,
53065984,
12596736,
14103040,
99884800,
12679680,
13174272,
45777664,
19843840,
81117952,
116581120,
117874688,
10918400,
83341824,
},
["Blood"] = {
12551168,
52974080,
49994752,
14139648,
49966592,
13015552,
19843328,
95928576,
20770816,
},
},
